Name, E_SN [1e50 erg], E_SN_err+, E_SN_err-, n_ISM [1e-2 cm-3], n_ISM_err+, n_ISM_err-
G82.2+5.3, 8.3, 4.1, 2.5, 1.13, 0.42, 0.22,
G84.2-0.8, 1.82, 0.98, 0.79, 2.51, 0.44, 0.52,
G132.7+1.3, 3.83, 0.85, 0.48, 10.9, 0.3, 0.3,
G166.0+4.3, 17, 17, 11, 4.4, 4.2, 0.1,
G296.7-0.9, 6.9, 3.9, 2.5, 18.0, 4.8, 3.3,
G304.6+0.1, 4.6, 5.3, 2.8, 4.2, 0.8, 0.6,
G311.5-0.3, 1.07, 2.01, 0.68, 6.2, 4.4, 1.3,
G327.4+0.4, 3.0, 2.3, 1.6, 22.4, 4.8, 4.5,
G330.0+15.0, 1.5, 2.8, 1.3, 4.1, 1.7, 1.3,
G332.4+0.1, 27, 18, 13, 11.8, 3.0, 2.2,
G332.5-5.6, 0.67, 0.64, 0.37, 1.6, 1.1, 0.7,
G355.6-0.0, 4.9, 6.5, 3.0, 26, 17, 9,
G359.1-0.5, 0.84, 0.73, 0.41, 3.6, 0.3, 0.2,
